13.500000 16.500000 81 144 
111.500000 258.500000 66 70 
113.500000 616.500000 62 52 
139.500000 425.500000 112 113 
183.500000 112.500000 66 121 
183.500000 632.500000 66 31 
257.500000 16.500000 238 144 
353.500000 609.500000 66 61 
356.500000 258.500000 66 70 
455.500000 245.500000 121 66 
496.500000 454.500000 66 74 
534.500000 69.500000 43 35 
571.500000 534.500000 122 67 
620.500000 200.500000 43 50 
637.500000 24.500000 42 56 
702.500000 454.500000 66 74 
710.500000 22.500000 145 50 
718.500000 258.500000 66 70 
